# Created by Octave 4.4.1, Fri Mar 15 19:04:54 2019 GMT <unknown@DESKTOP-CMD7282>
# name: my_predictions
# type: matrix
# rows: 804
# columns: 1
 21.755418642553401
 1.6937761290545419
 21.189862063469739
 48.844983458610841
 1.2314099845071882
 5.7550753758129538
 0.45908418688924002
 2.8511094039261753
 2.8477572194846505
 3.252621749614673
 1.6251794284086083
 4.0112666548331344
 3.2436946678968104
 2.0294016009091269
 4.7352237392605288
 -0.17065620603267906
 1.8376211271968288
 0.51381352946950654
 2.6814572822683127
 2.8601863929299087
 0.96789179093142197
 0.8846443942063309
 -0.12046475895582121
 1.4612469863684676
 5.1273704746091786
 1.7001696719846899
 1.4766030869699713
 3.9837046266715013
 2.6468183931819804
 1.9048653536722637
 0.67501342523820751
 6.7299327440704824
 -0.11090054063849042
 1.4448373511851285
 0.57298342311086825
 0.66007125993132409
 0.5142146708970885
 0.063904361665781617
 0.62413836624926999
 0.062905357203659196
 1.9971208625228039
 2.071464089940624
 -0.62362907160124226
 -1.4548208655342707
 4.0261078991590198
 4.8219907049583925
 0.23761486197856307
 -0.23852200731850082
 1.1253166941609425
 3.9902408525877791
 1.8320302732872509
 1.7816580117868925
 -0.20777163217313799
 1.2576001882007914
 0.96910742960103391
 2.5927089963726182
 3.9290066479383379
 2.5600743826632484
 3.895409836887699
 0.15732145226801109
 2.4864776812372749
 6.3552712345035332
 1.8275909312846608
 1.9777776960897564
 1.8043210947928534
 -0.035103083230056509
 0.60886713769755829
 0.14071686976806275
 -0.065644218757419548
 1.0765047132813712
 4.1698362552638208
 1.8373393261191977
 -0.65342991956542651
 0.71216946255638547
 1.6215461249364032
 6.828128823900844
 -0.92722317655321751
 1.2770382020879896
 1.301151165153809
 1.3709526453770506
 1.6135378662158701
 1.4279774505449017
 0.068238597578498816
 2.8214859101891383
 2.3533301622686835
 0.89575314148313401
 4.1581009642383506
 1.9217643235852344
 33.881719776203468
 1.0218431167351709
 2.8382785487493813
 1.2720135570751023
 119.25121559368733
 0.31348671523341198
 3.4029559215717256
 6.3240056670255722
 3.0920395884380345
 2.8823508718280695
 0.74651005574128138
 0.084538801595386959
 1.9578681947285981
 1.8586265769930677
 2.0227950682887381
 1.3341123480592256
 0.42312482176501476
 0.65239013468247409
 0.77991105555519202
 1.0287829719751078
 2.2210204324586802
 2.2342169371957614
 1.0523435042747586
 2.6033298249085455
 2.6268451986412544
 3.3957061248285667
 2.4606982360720449
 -0.22344588117059416
 0.037336498825211728
 0.23778562054282337
 3.8462883076605734
 2.6574552940775269
 2.2323020804081435
 4.490543476953814
 15.108855735337428
 0.2535546052621136
 2.36984560019956
 0.52049877518321519
 1.138458692109857
 1.9456818450351303
 -0.035563912883073368
 1.9462079732311532
 1.2431031736770424
 0.96848228960072724
 2.1238772129733299
 0.12033290718413203
 0.27241824318561036
 3.8284343786693547
 3.5469970122537018
 1.4693942178472623
 0.24326851093079593
 1.0680225452618479
 0.58021844208924844
 1.1563065945154198
 4.744098015368249
 1.3681236032623334
 12.285676858153478
 2.3493141634815875
 1.3893104551746647
 1.5521702539799507
 0.31091682074991078
 4.2915092082026653
 2.6810293319192935
 1.0920621464240088
 1.2207170724181593
 0.93879421897353044
 0.89254064167852731
 2.8018676563160829
 0.4346809669805306
 0.078007027305498022
 0.021027257990686388
 0.54077826492862768
 1.6619160146269607
 1.0475740746505064
 0.66023911925483136
 0.0093775452613431565
 0.66995367829480656
 1.1808736164613114
 0.41303335390250173
 1.088990796367038
 1.0286385861839675
 1.7929022348138939
 1.9549672769441437
 3.4270217241098173
 2.2933090066863162
 2.9627533037879492
 3.0695312316222743
 1.0445761087249423
 2.3859927566177799
 0.22740602279314803
 0.5311471513942303
 0.23235485513087484
 2.0442080518943317
 0.96995039367527458
 1.4052645827849675
 9.158087104959133
 0.88531679654925122
 1.4613024744955809
 1.8237050412496569
 0.64190153022036189
 1.2950253279899022
 2.2281824003730146
 0.48673518794689752
 0.53917657650522777
 0.90833533589418847
 2.3842526031662192
 2.2606012835774889
 0.34571741607879414
 0.40331742272715276
 2.6957223687386835
 1.3795318976535904
 1.1897116900082332
 0.72031578641606453
 30.489890308301639
 3.8823445516592114
 0.30037995227293812
 2.4517817362717693
 2.0028563368944137
 3.958505525888778
 5.1565198063284159
 2.2630123028152687
 1.0346517904461761
 2.5603015052160139
 0.6888313355282234
 12.992326721498909
 1.8232750353503353
 1.0680217284520352
 2.3560188055175546
 3.6224012820214302
 1.3053010060037906
 1.017414667373238
 0.82629547467694775
 5.0814598435664262
 3.3754190018412942
 0.54011921734228685
 1.9303308082545918
 2.2360384815795311
 5.2923631798818525
 -0.2402078586069929
 2.3287731127250737
 2.0811180280875421
 0.56626147879639732
 2.7694876858763866
 2.1876471799092121
 1.6385175618554746
 4.1575113343843757
 -0.87560701408082942
 2.5748750977024981
 2.3782773359792126
 2.9492635671829586
 3.0311058586462103
 2.6036025117328281
 1.7403255965703233
 0.54638380549409249
 3.3476562861761803
 0.84905116756414323
 0.60336766504847561
 1.388001074675745
 0.88959760058065085
 4.0537003545753683
 1.7229159224541775
 0.11589607298913962
 1.3696934931531444
 -0.10966826195688917
 0.41215762317950466
 1.770211821371096
 2.5038506789236692
 2.3068610921685808
 1.8952072624645115
 1.1385557506190087
 1.6625747790555199
 1.0869636828148435
 1.5094424686088146
 1.667092545709699
 1.8386289976503158
 2.5474949682443384
 0.9721290129257254
 -0.1183700256154947
 1.3164928949442458
 4.2957773348733586
 2.5315014845752657
 0.57957341514338789
 0.39978160989988787
 0.11225034830164804
 2.197533466969166
 2.2022076143046974
 1.0119592205399848
 0.72631746247270723
 0.65144053617513276
 2.5658420864680336
 1.7647289274958806
 1.3516063188070147
 2.0744669616387306
 1.4156695844309735
 0.84404101189799174
 3.4598745823618939
 1.6356063757701649
 0.56915061691224023
 0.65774477492936723
 2.7800849584513205
 0.8560405272654783
 2.7048245089484206
 2.6967274413869493
 1.1659424234094868
 0.86267424262260373
 1.7280143308587916
 2.2805298053749921
 0.84696888595121189
 1.5668332615098861
 0.64316862053626123
 2.3790091734962111
 2.0162576966113601
 1.2723967813982211
 22.977009048098328
 -0.095884040290496131
 0.8587490005892966
 1.3257195094903751
 0.061081689444329346
 -1.0321804917129498
 0.95619933606396135
 0.82398166269742745
 0.94933281691945548
 1.7848197002589026
 2.0860823463644955
 -0.95819681232397524
 0.86841127769163751
 5.0288791001899753
 1.0483903758709996
 2.0444122213555871
 0.26898426761731364
 2.128723678313845
 2.2243147481479055
 1.4812162243602922
 1.4080504532137375
 0.93884078020081552
 1.0942252720521715
 1.3889907413292848
 0.54628226640186428
 0.75399113619637737
 -0.40660035378760195
 1.9361492405685043
 0.68200972919576097
 1.3161856428643981
 1.4563669413760827
 2.1856812365911842
 0.5968823067696305
 0.92355090249077154
 0.98929302193543234
 3.4365213817333036
 2.3262993857785235
 1.7051857841380047
 -0.77290452839956547
 0.41851185161003124
 0.63691330693227677
 0.8172931473765298
 0.12190329398405553
 0.16175578135966229
 2.9678918046203115
 3.0320001629182949
 1.7443748776308516
 1.0135311190329339
 46.197765703603011
 0.78515719107512627
 2.6681348328689847
 0.36622116235276392
 1.8548899262372489
 0.46715692110726725
 2.2965975920392925
 3.9370454105338375
 10.270503577801129
 3.3393365469404426
 0.20516172372765951
 0.79898345045693531
 2.2192910807586492
 2.058954789449861
 2.1113470556358198
 1.8148825615286048
 -0.0550504495344879
 1.2168615969524257
