# Created by Octave 4.4.1, Thu Jan 24 17:50:26 2019 GMT <unknown@DESKTOP-CMD7282>
# name: output
# type: matrix
# rows: 785
# columns: 1
 -0.0060833430190733425
 4.1564756409910921e-13
 -0.0018817625754553454
 0.025809333975782278
 -1.7831010404409902e-06
 7.2980300494329488e-05
 8.5363784438986018e-09
 6.8816604495083952e-11
 3.3545111986541651e-10
 3.6095881833501144e-13
 -2.4644319251836799e-13
 -2.670952321627505e-14
 6.3966577231881092e-12
 0.00052033624565355114
 1.5475043393737084e-12
 -7.6419537982856007e-11
 4.1354047081755567e-10
 -1.5098270230424116e-12
 1.0832415873737801e-09
 6.7527329944664037e-10
 5.5412219727907543e-10
 9.4623552805685138e-10
 -4.1405704707073077e-12
 9.9077507179810752e-09
 -3.1908090268681087e-12
 2.3700071420733975e-12
 -7.6808993528706555e-13
 3.7827387963088558e-12
 -1.3573354365829513e-12
 5.8932557194239285e-13
 0.00031144359623435497
 -4.8105167644006685e-12
 -5.4656890497419798e-11
 -0.016035021266857664
 4.8495194371317097e-12
 1.2284751401536243e-12
 -1.1808727063898508e-12
 -6.5369127440611702e-12
 2.2905734392532775e-12
 -2.1577705681913952e-09
 3.0460992186438651e-12
 -1.3012529089012397e-12
 -7.3819275065634544e-11
 3.1423957196280379e-12
 -1.2249340820293556e-12
 -3.2652062366003133e-09
 2.7576434386300676e-12
 -1.5082569774741363e-12
 0.025464025635160273
 -3.3889879800545753e-12
 -1.0232239580853349e-12
 -1.8382351231785039e-12
 3.4253974207137533e-12
 -1.5762855109595665e-12
 6.2844465226313764e-13
 1.8288861411015614e-12
 -4.602737324809287e-09
 -4.7616059743791065e-13
 0.02352974183945919
 -4.2984631149519895e-12
 2.8736409029303302e-09
 2.6798888521955978e-12
 0.025538910812687894
 -0.00033858066265670289
 -2.1576783281273788e-12
 0.0020726385243178256
 1.4009708852753658e-08
 9.2141854725147764e-13
 -3.7480522754080045e-12
 1.9781551042091792e-11
 1.5331662217898212e-12
 4.0275064614029049e-12
 3.7870229584046545e-12
 -1.5570527567445093e-12
 5.3462332428397935e-12
 0.0045349796986959489
 0.00063925053350274031
 3.3210074388540865e-12
 -6.6541943699838037e-13
 -1.8700622737621463e-12
 -3.5260370919154002e-12
 5.1549948068231911e-13
 7.3405191683040105e-13
 2.8714062285039678e-13
 -1.8335479658571788e-12
 2.5918342144358792e-12
 2.9892890587723703e-08
 -4.3699374672406739e-12
 -7.2914478701170539e-12
 -2.5963553819607127e-11
 -1.1618625458002252e-12
 -6.5090430417216832e-08
 -2.1716845384753638e-10
 -0.0080580915472404421
 -2.094206108891574e-12
 4.3956836044073606e-12
 2.9009340302549145e-08
 2.7357449174533964e-12
 -1.4173621862322039e-12
 -4.7002923328295966e-13
 -8.2053500401309057e-13
 -1.8247450977572891e-12
 6.2699926374045278e-14
 7.5824466109305249e-13
 2.3185322375251267e-11
 -1.1078353995615371e-10
 -9.8909281343270457e-12
 5.5150887066366356e-13
 -1.0072078427615275e-12
 -2.8544946806521503e-12
 1.145514795672819e-10
 6.5363279558724024e-11
 -5.2261496102307088e-08
 -1.365615808503891e-10
 -9.9787981009008813e-07
 2.7720263437985447e-12
 1.2627643768457868e-12
 9.4152722754001291e-13
 2.3995672385514309e-09
 -6.17523116788483e-11
 -1.6846341599621289e-09
 -7.2939049870144527e-08
 -0.010890123395291343
 0.00013946459917270104
 2.591256351651668e-12
 -1.2521671198997914e-07
 -7.2016500973567124e-10
 -1.2042356864247317e-10
 4.4613730561508123e-11
 6.3667606545231947e-09
 3.5507223066695425e-12
 -0.00016701152826259898
 -8.8911689658721926e-11
 2.4191527556472284e-10
 -4.4553001393564929e-12
 -4.5502611892594688e-12
 -1.5666438916179849e-12
 1.0533307601571726e-12
 0.00022439640517501276
 -0.029304554776749616
 -2.8796575221583211e-09
 -7.2952910068024873e-13
 -1.7755511208295352e-12
 2.8921063810694637e-09
 -0.0014023425187470037
 -9.776481967292625e-12
 -2.5394639888592363e-12
 -3.3261060956997077e-12
 2.0114589576178756e-12
 -2.4130650265552607e-09
 1.1769544265408726e-12
 1.1602634056538919e-12
 8.6254607888962331e-12
 -3.2780559605839801e-10
 -0.0078539580965480815
 -1.0902578958793101e-09
 1.108341190701286e-08
 -7.5025751588452612e-11
 9.2076947557730853e-10
 3.0552191111654926e-12
 5.1065306858867898e-13
 6.7460333271926817e-12
 5.6508677866184362e-11
 1.1836651191900744e-12
 8.5714375072188047e-10
 -8.9093734386541823e-12
 4.6127834272859112e-12
 4.4016615118646238e-13
 1.463066623722923e-12
 -1.7134313069346217e-11
 -0.0070736825764285451
 1.8813988099826181e-11
 -3.602204870873272e-12
 3.6459320022177592e-12
 -1.4239183497048873e-12
 -3.2335794319811965e-14
 -1.1542440552910964e-12
 4.4452634106576009e-12
 0.012576189371437422
 -9.3272727302539936e-07
 -2.4901515694954526e-12
 -0.0047038478352786489
 1.0862056789828553e-12
 -7.0480181182499267e-13
 -1.5756534304994234e-08
 -3.4930994526626389e-12
 -2.7304617100956039e-12
 -1.464863805117317e-12
 -1.3533280102263275e-07
 1.0750344192536706e-13
 0.0015012171491308993
 -2.4585714717386104e-12
 -2.2528802025095931e-11
 6.6100135823346762e-13
 -2.2966562215611126e-06
 -2.5755542094338021e-12
 -5.8838241918745024e-09
 -8.0119181214205049e-09
 -2.0342312488252628e-12
 -1.1534085510853292e-13
 1.3928188378865497e-08
 1.5837527646899615e-12
 1.0893415458070017e-12
 -7.8974777890364353e-09
 -4.8589948321382509e-12
 1.8059207465120537e-12
 -8.9246294501577142e-13
 -8.5767029014917827e-13
 1.0237800107474103e-11
 -6.8384252225542685e-09
 -1.8858052342112483e-12
 6.5307734448119945e-13
 0.018460226129288396
 -2.0519544342154989e-12
 -1.5967302645501954e-12
 4.1132640711730034e-12
 6.261598633596671e-08
 -4.3190775772073899e-13
 -1.1549621872633438e-12
 5.2903614621415058e-13
 1.2031800879927373e-13
 7.2642881618595708e-13
 4.3934717787256378e-11
 5.9821132398854076e-13
 2.717759303831593e-11
 6.1209787612135291e-08
 9.6752467101305182e-13
 1.2167883181408875e-06
 1.9901644854385123e-12
 -2.5484270554401768e-12
 1.6478278928031598e-12
 -0.0039617840812153082
 0.018459549795538436
 5.9672443198705502e-13
 3.2375340163185899e-09
 1.0741449809728375e-12
 2.4470975279019662e-12
 2.1774009651900002e-13
 7.1492350146929169e-09
 6.0080655894523794e-12
 1.5512051030566994e-11
 1.3263535371635442e-12
 7.9644175415240718e-13
 -3.5006229308306547e-13
 2.8512842534505723e-11
 0.0032917514858373316
 -0.0066432804792689133
 1.7090367356341492e-12
 4.6363666818603687e-12
 -0.00045623671072459555
 2.1586848351375005e-12
 -7.3343595413950873e-12
 -2.760093052254159e-14
 0.025098842863277685
 1.7935398294311427e-12
 1.251467930417891e-12
 -1.5523170487652202e-12
 1.3152616319815347e-11
 -1.5551812427642056e-12
 -2.9715046391080956e-11
 -4.14694624844271e-13
 2.4102280870607069e-12
 1.1342691930811239e-09
 1.5274537875149954e-13
 2.0193240658157974e-12
 3.7235125057749309e-09
 1.8795088592877087e-10
 -2.8749097987950695e-12
 2.9108106762530326e-12
 3.3559254692855355e-12
 -1.5655364022294367e-12
 4.9033520793609658e-12
 1.5782341370739765e-12
 1.7601394156312872e-11
 6.6574521378949031e-11
 4.9779242588253498e-12
 -0.022852700327721121
 -0.0037940132222916445
 -6.8275169079793883e-12
 6.9221775890950832e-13
 0.0032922861766102114
 3.1912387785875887e-08
 1.2778920921243289e-10
 0.00058000304480040768
 4.0278235630951223e-12
 5.2573011643888295e-12
 -3.1764676133334022e-12
 -3.0571619855654247e-12
 -0.005706354195483921
 -1.3710521672183302e-12
 -5.9463654988810333e-13
 2.3641630640780014e-12
 2.2181364045575425e-10
 -1.0631147333674091e-12
 -4.0184380612518163e-11
 1.5142225513415087e-11
 -4.6630752884290383e-11
 1.003977228096927e-12
 -1.823382404210086e-12
 6.2499834286393287e-13
 1.3974473850744312e-12
 1.1642471719918095e-12
 -2.896810236632175e-11
 1.3504237607332311e-10
 3.0983260010749263e-14
 2.8421965619367726e-12
 -1.2299712969012047e-06
 0.00033423877478956415
 5.1127657517820453e-12
 3.872649501403638e-12
 1.7189659833449104e-12
