# Created by Octave 4.4.1, Thu Jan 24 16:42:43 2019 GMT <unknown@DESKTOP-CMD7282>
# name: output
# type: matrix
# rows: 785
# columns: 1
 6.0000007064729113
 10.000000000499076
 5.8208955332590477
 5.014252707966226
 0.039999999693482849
 8.3333337809296228
 1.3888888915586215
 1.2499999998193527
 2.5000000003167901
 9.99999999982305
 9.9999999995686686
 4.9999999998886526
 2.5000000001617773
 2.9166795955875888
 10.000000000357423
 1.2499999998467239
 4.9999999999098907
 1.999999999840758
 4.9999999999701989
 0.83333333359445283
 0.41666666624125692
 7.5000000016830128
 9.9999999998097522
 10.000000000457513
 10.000000000346978
 10.00000000045894
 10.00000000007762
 0.020000000168249418
 3.3333333333263608
 10.000000000332326
 2.0833290883129183
 9.9999999995862705
 8.3333333329202866
 7.4998661528917143
 1.6666666667877579
 8.3333333333162667
 10.00000000014632
 10.000000000103654
 10.000000000145826
 2.2222222192672092
 10.000000000019361
 3.3333333331682384
 0.5555555556164361
 9.9999999995739355
 10.000000000313316
 5.0000000000645572
 4.9999999999869749
 10.00000000021965
 5.0841107870500517
 9.9999999998604885
 4.9999999997235474
 4.9999999998815783
 10.000000000168995
 2.5000000000544325
 2.4999999999553144
 1.9999999999691789
 1.7999999998804617
 4.9999999996429381
 5.2784935615838231
 10.000000000219014
 0.40000000008569359
 9.9999999997880007
 5.4166845415407971
 9.629629611213451
 9.999999999738181
 8.6666852296956733
 0.22222222355025642
 10.000000000181361
 10.000000000358774
 9.9999999997689581
 9.9999999998622187
 4.0000000000096563
 10.000000000264979
 6.6666666664903778
 10.000000000069814
 6.8670205599282292
 7.5000016572823469
 10.000000000228658
 10.000000000266906
 10.000000000004126
 9.9999999998009468
 10.000000000188455
 9.9999999995735802
 9.9999999997924576
 9.9999999999322835
 9.9999999998992095
 0.59999999946703786
 3.6363636363610397
 9.9999999999335181
 1.818181818242407
 0.7999999999382823
 8.7500000013222134
 5.5555555550353946
 7.7777771553528323
 10.000000000178609
 4.0000000003964704
 0.59999999950871929
 9.9999999998030766
 0.13333333360705818
 9.9999999995205009
 9.9999999997102442
 10.000000000128527
 4.9999999999817595
 10.000000000131106
 3.3333333337676914
 0.50505050499208326
 3.6363636360341585
 2.5000000000642193
 5.0000000004031495
 10.000000000138053
 5.0505050506288018
 3.5400000000321237
 0.19999999983935526
 0.20000000006092475
 0.16000000313096094
 10.000000000058749
 10.000000000281489
 9.9999999999245723
 10.000000000243576
 9.9999999997039826
 0.099999999850969523
 9.9999999999346123
 8.7499037002346718
 0.07000621072586917
 10.000000000119581
 9.9999999996967546
 0.41666666645631861
 9.9999999995509423
 10.000000000504713
 1.1111111140886423
 9.9999999995049063
 7.1515151413525784
 1.2345679009347712
 0.73333333321156546
 10.000000000129564
 1.1111111107259957
 5.0000000003636549
 10.000000000199107
 5.8181817848320598
 6.1108273805032827
 8.333333333142745
 6.6666666667040628
 4.9999999997925109
 10.000000002820885
 8.1666661511015395
 10.000000000210644
 9.9999999999325464
 9.999999999886116
 9.9999999995417426
 0.1000000002594766
 0.29999999977210995
 10.000000000272211
 0.40000000023009769
 0.5999999997448191
 5.7333244459706858
 0.079999994141559394
 0.55555555556965319
 1.2626262627584892
 1.6666666665552294
 9.9999999999351186
 9.9999999995488711
 4.4444444444924196
 0.099999999983968121
 10.000000000199552
 2.0000000003367888
 10.000000000194833
 9.9999999999586553
 10.000000000101471
 10.000000000290331
 9.999999999859444
 3.1999335906431754
 3.3333333336888589
 9.9999999999776854
 0.46296296271690923
 9.9999999998968025
 10.000000000112008
 10.000000000463828
 10.000000000076147
 2.5559334432610412
 1.0099999985846138
 10.000000000062617
 7.1604940664953656
 10.000000000291314
 10.000000000417101
 1.1999999999238578
 4.9999999994298099
 10.000000000471335
 9.9999999998607709
 0.99999999939339967
 4.2857142861072388
 2.7521721991678061
 5.0000000000412523
 1.2500000000231071
 2.5000000000370881
 0.31999999246391814
 10.000000000067399
 0.23999999667031666
 1.1666666674521093
 0.14999999998727506
 2.4999999994287356
 1.1999999999088966
 10.000000000237177
 10.000000000076318
 1.1111111130335996
 10.0000000002845
 9.9999999998223448
 10.000000000473733
 3.0000000000364988
 10.000000000131138
 1.1111111094043924
 10.00000000004229
 10.000000000137163
 4.8187862994146027
 5.0000000001645049
 10.000000000350099
 10.000000000795259
 2.0000000001997855
 7.9999999998177875
 10.00000000037147
 10.000000000256767
 9.9999999998129852
 10.000000000170264
 1.2626262624709139
 10.000000000556522
 10.000000000260666
 0.16000000266032957
 9.9999999996508375
 4.7999999954818273
 10.000000000401704
 9.9999999999014975
 0.6666666668673864
 5.0333333286812776
 4.8187862962727914
 10.000000000062515
 0.24000000044687311
 9.9999999999911289
 9.9999999999428812
 9.9999999997781419
 0.59999999994781061
 9.9999999998826663
 0.50505050516904038
 2.2222222224120389
 4.9999999997653486
 9.9999999998153726
 0.99999999966514019
 5.750239096861991
 8.8888876366701233
 9.9999999996922888
 4.9999999996169526
 6.2499999944200972
 4.9999999996630367
 2.4999999998250817
 9.9999999995670734
 4.5556107771976855
 9.9999999998451248
 2.9999999999511426
 5.0000000000623928
 3.3999999996607619
 3.0000000001890861
 9.9999999997692868
 10.000000000503791
 9.9999999996110951
 0.20000000009084737
 10.000000000389688
 9.9999999996384119
 2.5000000004948482
 0.50000000020859048
 9.9999999996672191
 0.29999999980754855
 0.16666666658846591
 9.9999999998206182
 10.000000000179789
 10.000000000080574
 9.0298507465691724
 4.9999999998218705
 5.0000000002274119
 5.4991910794852901
 5.2525252532020605
 0.30000000017830986
 10.000000000023979
 5.500000836143415
 2.2222222227601605
 4.9999999998275229
 1.137488780223215
 1.9999999998223161
 7.9999999998599716
 1.6666666665236571
 10.000000000040167
 3.4374693833559427
 10.000000000254303
 10.000000000027843
 10.000000000140675
 1.8750000002558158
 10.000000000297854
 0.10000000024596789
 3.3333333330479071
 9.9999999996952535
 10.000000000256128
 10.000000000026024
 10.000000000368823
 10.000000000061046
 9.9999999996699884
 0.33333333330007914
 9.9999999999032401
 10.000000000235286
 10.000000000077517
 2.0000000042074957
 0.82499353442626078
 10.000000000184928
 5.0000000003712897
 10.00000000024589
 2.9999999994675211
 6.6666666211630305
 9.9999999998014211
 9.9999999997994582
 2.9999999996639812
 3.7499999999284803
 0.16666666677091135
 8.0000000002230163
 3.0000000000062395
 10.000000000210244
 4.3999999998706194
 9.9999999999873523
 3.653312242106181
 3.7501584428234565
 2.4000000001306652
 7.5000000261929705
 0.2439024389988001
 9.9999999999921574
 0.73333333367165143
 9.999999999947951
 9.999999999844924
 9.9999999998335873
 6.6666666666926027
 3.5714285710231009
 0.11111111017218941
 10.000000000601727
 7.4999292732268694
 10.000000000293683
 2.4999999997235651
 10.000000000136286
 0.99999999989386945
 2.8168077372152092
 10.000000000078016
 5.0000000000685603
 1.6666666665986767
 6.4999994526030731
 8.3333552547048733
 10.000000000184249
 10.000000000415172
 9.9999999998667342
 5.0000000001351026
 0.79999999984864312
 5.5000000128236266
 9.9999999998022364
 10.000000000116833
 10.000000000149386
 4.1666666667223016
 10.000000000266748
 5.0000000001453451
 9.9999999999593232
 8.3333552548367749
 3.999999999988038
 4.9999999999944826
 10.000000000263999
 7.4999992821819417
 2.9999999999226734
 7.5000000110275922
 9.9999999893821485
 10.000000000104787
 9.999999999915234
 10.000000000212117
 0.11111111146181514
