# Created by Octave 4.4.1, Thu Jan 24 16:50:43 2019 GMT <unknown@DESKTOP-CMD7282>
# name: output
# type: matrix
# rows: 785
# columns: 1
 5.993916656980927
 10.000000000000416
 5.8190137598126048
 5.0391426673091146
 0.039998216898959563
 8.3334063136338283
 1.3888888974252673
 1.2500000000688165
 2.5000000003354512
 10.000000000000361
 9.9999999999997531
 4.9999999999999734
 2.5000000000063967
 2.9171870029123204
 10.000000000001547
 1.2499999999235805
 5.0000000004135403
 1.9999999999984901
 5.0000000010832419
 0.83333333400860665
 0.41666666722078888
 7.5000000009462351
 9.9999999999958593
 10.000000009907751
 9.9999999999968097
 10.00000000000237
 9.9999999999992326
 0.020000000003782738
 3.3333333333319763
 10.00000000000059
 2.0836447769295678
 9.9999999999951896
 8.3333333332786772
 7.4839649787331419
 1.6666666666715162
 8.3333333333345632
 9.9999999999988187
 9.999999999993463
 10.00000000000229
 2.2222222200644519
 10.000000000003046
 3.3333333333320323
 0.5555555554817363
 10.000000000003142
 9.9999999999987743
 4.9999999967347941
 5.0000000000027578
 9.9999999999984919
 5.1087973589684932
 9.9999999999966107
 4.9999999999989768
 4.9999999999981615
 10.000000000003425
 2.4999999999984239
 2.5000000000006284
 2.0000000000018288
 1.7999999953972627
 4.9999999999995239
 5.3013075196172368
 9.9999999999957012
 0.4000000028736409
 10.000000000002681
 5.4422055774793545
 9.629291048966973
 9.9999999999978417
 8.6687393051909858
 0.22222223623193108
 10.000000000000922
 9.9999999999962519
 10.000000000019782
 10.000000000001533
 4.0000000000040279
 10.000000000003787
 6.66666666666511
 10.000000000005347
 6.8712016463653631
 7.5006392505335029
 10.000000000003322
 9.9999999999993339
 9.9999999999981295
 9.9999999999964739
 10.000000000000515
 10.000000000000734
 10.000000000000288
 9.9999999999981668
 10.000000000002592
 0.60000002989289059
 3.6363636363592664
 9.9999999999927081
 1.8181818181558547
 0.7999999999988382
 8.7499999349095692
 5.5555555553383869
 7.7697196862305384
 9.9999999999979057
 4.0000000000043956
 0.60000002900934024
 10.000000000002736
 0.13333333333191597
 9.9999999999995293
 9.9999999999991793
 9.9999999999981757
 5.0000000000000631
 10.000000000000759
 3.3333333333565189
 0.50505050493972159
 3.6363636363537455
 2.5000000000005516
 4.9999999999989928
 9.9999999999971454
 5.0505050506196021
 3.5400000000653633
 0.19999994773850391
 0.19999999986343844
 0.15999900212018991
 10.000000000002773
 10.000000000001263
 10.000000000000941
 10.000000002399567
 9.9999999999382485
 0.099999998315365851
 9.9999999270609496
 8.7391098766047079
 0.07013946459917271
 10.000000000002592
 9.9999998747832883
 0.4166666659465017
 9.9999999998795772
 10.000000000044613
 1.1111111174778718
 10.000000000003551
 7.1513481399868883
 1.2345679011456561
 0.73333333357524855
 9.9999999999955449
 1.1111111111065608
 4.9999999999984333
 10.000000000001053
 5.8184062145869921
 6.0820850302970459
 8.3333333304536765
 6.6666666666659378
 4.9999999999982245
 10.000000002892106
 8.1652643241479215
 9.9999999999902229
 9.9999999999974598
 9.9999999999966747
 10.000000000002011
 0.09999999758693498
 0.30000000000117694
 10.00000000000116
 0.40000000000862546
 0.59999999967219442
 5.7254793752367856
 0.079999998909742104
 0.55555556663896744
 1.2626262625512368
 1.6666666675874362
 10.000000000003055
 10.00000000000051
 4.4444444444511904
 0.10000000005650868
 10.000000000001183
 2.0000000008571437
 9.9999999999910898
 10.000000000004613
 10.000000000000441
 10.000000000001464
 9.9999999999828653
 3.1929263174235718
 3.3333333333521473
 9.9999999999963975
 0.46296296296660888
 9.9999999999985754
 9.999999999999968
 9.9999999999988454
 10.000000000004444
 2.5681317449269927
 1.009999067272727
 9.9999999999975095
 7.1557899793252151
 10.000000000001085
 9.9999999999992948
 1.1999999842434657
 4.9999999999965068
 9.9999999999972697
 9.9999999999985345
 0.99999986466719892
 4.2857142857143931
 2.7536657193136329
 4.9999999999975415
 1.2499999999774711
 2.5000000000006608
 0.31999770334377847
 9.9999999999974243
 0.23999999411617579
 1.1666666586547487
 0.14999999999796576
 2.4999999999998845
 1.2000000139281883
 10.000000000001585
 10.000000000001089
 1.1111111032136334
 9.9999999999951417
 10.000000000001807
 9.9999999999991083
 2.9999999999991425
 10.000000000010237
 1.111111104272686
 9.9999999999981135
 10.000000000000654
 4.8366420443111071
 4.9999999999979483
 9.9999999999984031
 10.000000000004114
 2.0000000626159862
 7.9999999999995683
 9.9999999999988454
 10.000000000000529
 10.000000000000121
 10.000000000000727
 1.2626262626701972
 10.000000000000599
 10.000000000027178
 0.1600000612097876
 10.000000000000968
 4.8000012167883179
 10.00000000000199
 9.9999999999974509
 0.66666666666831442
 5.0293715492521178
 4.8366413679773572
 10.000000000000597
 0.24000000323753401
 10.000000000001075
 10.000000000002448
 10.000000000000218
 0.60000000714923496
 10.000000000006008
 0.50505050506601712
 2.2222222222235488
 5.0000000000007967
 9.9999999999996501
 1.0000000000285127
 5.753291751485837
 8.8822456084096206
 10.000000000001709
 5.0000000000046363
 6.2495437632892754
 5.0000000000021583
 2.4999999999926654
 9.9999999999999716
 4.5806543984188339
 10.000000000001794
 3.0000000000012514
 4.9999999999984475
 3.4000000000131525
 2.9999999999984448
 9.9999999999702851
 9.9999999999995861
 10.000000000002411
 0.20000000113426922
 10.000000000000153
 10.00000000000202
 2.5000000037235126
 0.50000000018795088
 9.9999999999971259
 0.30000000000291083
 0.16666666667002258
 9.999999999998435
 10.000000000004903
 10.000000000001577
 9.0298507462862592
 5.0000000000665743
 5.0000000000049782
 5.4771472996722785
 5.2487312393029608
 0.29999999999317245
 10.000000000000693
 5.5032922861766105
 2.2222222541346102
 5.0000000001277893
 1.1380800030448004
 2.0000000000040279
 8.000000000005258
 1.6666666666634902
 9.9999999999969429
 3.431793645804516
 9.9999999999986287
 9.9999999999994049
 10.000000000002364
 1.8750000002218137
 9.9999999999989377
 0.099999999959815622
 3.3333333333484756
 9.9999999999533689
 10.000000000001004
 9.9999999999981775
 10.000000000000625
 10.000000000001398
 10.000000000001164
 0.33333333330436521
 10.000000000135042
 10.00000000000003
 10.000000000002842
 1.9999987700287032
 0.82533423877478951
 10.000000000005112
 5.0000000000038725
 10.00000000000172
 3.0000000032839997
 6.6666665665328919
 9.9999999999981579
 9.9999999999994316
 3.0000000000020886
 3.7499999988364392
 0.16666666666781788
 7.9999999999974936
 2.9999999995820779
 10.00000000001978
 4.3999999911865491
 9.9999999999512212
 3.6571015109560445
 3.7552127251514564
 2.3999999997435646
 7.5000000000354916
 0.24390243902447425
 10.000000000003093
 0.73333333337356055
 10.000000000010184
 10.000000000002647
 9.9999999999978595
 6.6666666666675622
 3.5714285714311531
 0.11111110368054192
 9.999999999995465
 7.4924321995379817
 9.9999999999985256
 2.4999999999968825
 10.000000000001121
 0.99999999999705436
 2.8315589881648209
 10.000000000001684
 4.999999999942534
 1.6666666667238053
 6.5045313637093241
 8.3301301470292035
 10.00000000000065
 9.9999999999989537
 9.9999999999994778
 4.999999999999952
 0.80000006885617214
 5.5003010770936749
 9.9999999999976108
 10.000000000000307
 10.000000000002158
 4.166666667261878
 10.000000000795469
 4.9999999999970584
 10.000000000003567
 8.3301301343934853
 3.9999999996716888
 4.9999999999984457
 10.000000000000576
 7.4994519673576283
 2.9999999999980491
 7.5000000000129221
 9.9999999996224389
 10.000000000000849
 10.000000000003443
 9.9999999999978453
 0.11111110462076615
