# Created by Octave 4.4.1, Fri Jan 25 11:46:51 2019 GMT <unknown@DESKTOP-CMD7282>
# name: output
# type: matrix
# rows: 1
# columns: 785
 -0.01233732627617444 -8.216037654242968e-07 -0.018118551844169887 0.086443710249710523 0.058640995688138783 0.05842358626641847 0.0072787440606552692 0.013263674976653953 0.0055123035729857375 1.3824019183369932e-06 -2.1974899055475901e-08 0.032458020276486914 -0.058181796265066858 0.03450829174421622 8.2748794647917259e-07 -0.0010966360624161517 0.003074189749224895 -0.021308528252555085 -0.0012317015755918025 0.015849242127243514 0.01842975848905052 -1.0640755524375323e-06 9.8022213011131746e-07 -0.14344648693881509 3.7528287570402415e-07 -0.026763478717681959 -0.00055539566435535456 -0.23073381539512433 -0.0043241080231114391 5.6691947574786323e-08 0.00084976400615255159 4.4342384486244006e-07 1.3416295859417118e-07 -0.044966765739107198 0.0032637657512452757 0.00011135714067245616 1.0512022250684726e-06 0.0063276956141711596 0.021309210586867581 -0.014094701699048433 1.0772966852862507e-06 3.24138005901568e-07 -0.013844917708543018 -0.00049302154626168872 1.2475017261605975e-06 -0.098016429898484247 -0.0026709723875146135 1.2768502049727384e-06 0.041814198836541243 -4.7526068576125305e-07 -2.4041522943909016e-07 0.024703570867597696 -0.016002407119228425 0.026074604580392086 0.026074327758154395 -0.016357662350847731 0.060478356884749472 -0.080639834550251227 0.028648681752392706 4.2878917664456681e-07 0.0089766078429820845 -4.8088992116066255e-07 0.11107537386945598 0.0040458902481364783 4.6682273189223221e-07 0.0049542911403553051 0.037200469214945513 6.6800711782397135e-08 -5.6189824171528316e-07 -0.012193999730645038 6.9590191484514135e-07 0.038785437743251681 -1.1687980764749913e-07 -0.00012029030219475459 -6.6429150415842494e-07 0.0022451208815983488 -0.012739233848042826 -0.0053404469547941322 -8.4892254274656443e-07 -8.6785753341107778e-07 1.1068442165163008e-07 3.1448939228198449e-07 4.3224111931376943e-07 -4.2438491003288766e-07 -0.19696110281255816 -4.986953633424551e-07 0.0022470539469253165 -0.0011794991548872717 -9.2504540417903933e-08 0.0019655102828569785 -0.021750817976335827 0.019945802410445329 -0.0034249404266050187 -0.00071747775711535858 4.014395306477308e-08 0.03878154409912872 0.0022451312554848373 -0.00015918163824688771 -0.065864349089573296 0.02005889995874053 0.032932185553784112 1.3380068124574644e-06 0.032461364604009731 -6.0716620663289678e-07 0.00029617336133508446 0.01023623392346954 -0.0011800756041647567 -0.01755156174009145 -0.0050148722340586475 0.020058345923225387 -0.010943604277257959 0.0002776653316761674 0.0028551992061991854 -0.00077969063295826489 0.052273407355442066 3.3668871972722675e-07 -3.3944125949959871e-08 -6.7378135654401002e-07 -0.012325348053629902 0.0037871643794974482 0.0096427993976701612 -0.014799117943935541 -0.17081459966951748 0.068859894809107522 4.781607632701151e-07 -0.14346292058797905 0.018428905988740956 -0.055605287897758829 -0.0012271637271870936 0.014400599766294641 0.0019591840824224179 0.052218594198309605 0.003153841149009972 0.0095281567308742252 5.6877625769031546e-07 0.2636927642180007 -0.00090357880134470678 4.97350482988412e-07 -0.013937982917407013 -0.05678962124733921 0.0062260911185027636 -2.1814873063574156e-07 -0.0009051775295956287 -0.23369861749184287 0.069701413746234717 -0.11320341675215979 -9.9361190960373777e-07 1.4673676303298829e-06 -4.3146693100867311e-07 0.0096427410327371999 0.092365949471364853 -7.5337682989773684e-07 -0.0031006703695682231 0.0022454105788139401 -0.00096519667512216974 0.036306483206671077 0.028652738213383572 0.0067074532921499209 0.010677903380893373 -4.8500313384469315e-08 6.0767054311182603e-07 -0.0018595353766715384 -0.00081125982906303116 -0.00015965111713318357 0.066599085360908861 0.0015770704475601095 -5.2432891580352094e-07 7.826485010515464e-07 1.2276137537462741e-07 0.056836315401963142 -0.003077288933220053 0.00029722771919776537 -3.2156476052036763e-07 -0.014333553405673029 -7.1105369492053313e-08 -5.494214466774046e-07 4.3431015697017127e-08 1.9932779126450251e-07 0.07550277230794486 -0.37526136482324074 0.012308937226617233 -0.012331736677584009 7.3276798954065999e-09 -1.3878248261485072e-06 0.090195982618391429 0.015767283634678986 5.5828997634200848e-07 -1.3886625877621288e-06 0.0016340341368819584 -0.010674111105635627 0.0069864369705060422 -0.0031523011092467381 -0.033814983323104224 -0.017550939681032288 0.043790087763791674 -1.9276753677549409e-07 0.032142181696955464 0.01297588098425944 0.13177200134963113 -0.0045204391251363659 0.090196595495198692 0.017228960647909092 1.8121484443974728e-07 0.014399523794649625 -0.011569991955744489 -5.8928742036681409e-07 -3.2652555019717509e-07 -0.011183627366555902 0.050144471439230065 0.014399180549356417 3.7777396928904224e-07 5.9393970904508999e-07 0.017254264651768481 -0.0014007959060304326 -7.36123184674442e-07 -9.240287827648167e-08 0.00010903877690977525 1.937185502473491e-07 2.3871894519152791e-07 -5.4815876793953459e-07 -6.1330036916438843e-07 8.4554083665715463e-07 0.006707099088315978 2.7229492461779918e-07 0.063274932357504268 0.052267288767872698 -8.3256221183009304e-07 -0.19366316841346365 -3.8871456456473362e-07 -0.051341149458957125 -0.029078793157999733 0.014211915679222979 0.017252442964506027 8.5246395610282551e-09 0.032143104844377671 0.035532563196256112 -4.655326248735544e-07 -0.018594059576166798 0.0022453702608113565 7.7024192520978136e-07 0.010237333184029833 0.18556153920192495 -0.00078382278851154782 -0.00048273315969812544 -0.00052572044698835673 0.00087213599618836293 -0.035773240054088662 8.1958199658667701e-07 -0.0010794575034326461 -0.0040134616235449408 -0.0010799588234571074 -0.0030806462403261598 6.1464873796702807e-07 0.086682401277425061 -9.6129410916683619e-07 -0.0070776920828421646 -0.0010029468521410743 0.00023447684766747729 -0.0070775351585701321 0.040490648063125016 -2.1496741481959436e-07 -1.5674984517389909e-06 -0.052419004688287404 0.031831810137898667 8.9130725756330561e-07 0.0043167932102102166 -0.04095002852287348 -2.6575574917106016e-07 0.0091512491415381095 0.00053514483870494185 3.5024863090816184e-07 -6.5911213286627969e-07 -1.7534121089553406e-07 0.033686602545860582 0.067344443411078536 0.00033232715096703867 -0.46936391683076784 0.010237244514768162 0.0091518808427570059 -1.1449846858803955e-06 0.008472760508563484 -0.014095305218702904 0.067345430961308794 -0.014542173543482126 -0.0032967091527865695 4.6765291055234754e-07 -0.01230942530417806 1.7132570483424925e-07 -0.0015869996859657759 0.0084699033458294649 0.0023547636534024816 1.0169977466229759e-07 -0.00074869768837893241 2.283247309593919e-07 -0.00081203887662921015 -0.085257674575695663 -0.067343684921405467 -5.0389517057163713e-07 7.1000241702257889e-07 -0.00033727478488941592 -2.0675468046549924e-07 7.0199560072464647e-07 0.012338758147075623 0.035922947805002985 2.5452312923501443e-09 6.6790924264308272e-07 -0.045259753059557033 -0.012869644534284819 0.025243471810308209 7.6271766692239436e-07 3.0138124136403898e-06 0.003208101895930729 -0.0079144941981931314 -4.8998945277602049e-07 3.9939739075745169e-07 -0.0070790175145011699 -0.0022380994213991368 0.00053350254529993036 1.5550505046699111e-06 0.0010424957440785952 -0.014299813728735827 -0.068298124925798315 0.0023203998356372229 0.0043976626764184543 -0.022028190322485194 -0.12838004558375793 -0.012702244860120629 0.041120024043164907 1.8648826812615483e-07 0.0095259776401802141 0.022375539824141078 7.8195943394819981e-07 -5.4791079198254546e-08 0.0017799846447886609 -0.0055919722992486005 0.040047342286311009 1.6216820420825827e-07 0.0095754662620103938 5.1063661274010474e-07 -0.0071070452757519146 5.7518683020360713e-07 -0.00077671089451872939 0.12445956193236514 7.9860799168805031e-07 0.00099700487083447171 0.0032631754327574485 0.0032072909737984713 -0.027611187122453154 -0.02440033519308793 -1.7008976226858501e-08 -1.1448287692863661e-06 